A=3498925420,1360428188,3847332166,1883282633,1028711725,3715371571,3438216035,130623206,2877809901,4214889071
A=773681164,2492222168,3368567654,2263719754,2758152763,1518514243,1966512367,1538615354,109865421,2690001089
A=2070412454,1549047714,629881425,1424911206,383656642,1163386265,2790558314,3279101712,2586704579,1406385838
A=1748567615,3841017069,3834121443,4077540758,3807936877,1375270964,4256275758,339420154,3128644808,3605248406
A=611502742,2085452295,2459562175,1986029822,1089866085,377527106,575506758,1819390082,975787281,536390514
A=3379513744,3799880424,454843791,3420647640,2900902873,1376415626,1678363244,3831390040,712196838,1183366830
A=1226184036,3849657912,514107733,3939964437,863095421,3830422822,3806695132,2915128591,2368337240,214645821
A=3665619271,693921810,2949529283,1968298501,3788534383,1567551072,3182621485,1601642098,2020295895,683872720
A=1117617633,1066042862,2425723407,1886898466,1837262471,1873481982,3751584425,2757225785,3533482682,207907770
A=215299600,1355258162,731997435,1517824941,971013448,4256233693,1902914524,989686658,2700868052,3296169508
B=961973118,3963393840,2775667650,1708276690,1533230646,151092338,3028577405,2188142381,2212446204,1741003590
B=390687213,1164228674,908582601,1470756978,3000986332,1584882787,563818255,2727101179,1289965675,2163584162
B=308997942,4158880507,845584680,2148288951,3797199131,1835975811,3308398553,4163167064,3283580270,336588429
B=1151057841,4190501057,1024750650,2721588898,918442889,1225970184,4077583574,1235654611,3757728394,2341528543
B=2072919421,4152146631,3506894857,4099877492,2196066397,1531346243,4004847995,1681795678,37552527,2714403717
B=1919287271,2423141194,4201530981,4035423338,2367754505,3431661620,1809997696,2036958476,2987901215,1054383475
B=1092134845,1637514126,2799510440,2747083918,201933249,3979121609,2373165839,1426289242,948805781,671365456
B=109554037,101439254,1007469353,1451505678,2797948863,2203570731,4050017371,3092224744,399722857,1625741347
B=1076917661,3452061569,2843875295,1985790837,250440459,920574513,919398092,1298449415,3227351152,2126253655
B=1053191485,167841265,2198012866,1520207604,3918093551,3928194311,3410028556,2346354224,972294359,12878127
