A=953420819,4188125937,1476030937,2824923948,3690551241,1278090043,3009840394,2343418461,2169231192,2027366291
A=1160521746,1590849596,757884169,1248095974,1989745487,2277771362,802284892,160439372,2312281783,4035001629
A=3105618681,176087915,3092305792,4284850463,575484961,1745079395,4185837468,2771168909,1732573209,4257062408
A=475367767,1466558292,3603698508,3968827480,3564421658,4210390099,2089446323,2656613883,397999897,3260388949
A=917254113,3128178442,1541859606,831561076,3782282781,2713774312,863260134,581601464,3611164573,2952069422
A=774303305,3552336980,2829749341,2983487803,2203870652,4212107092,2517544863,3599601401,1068295253,3922533896
A=1839276054,3627003212,2918645254,1614979343,3442126785,3598150575,1415075384,77725572,3552505856,321968727
A=3350945251,3188366370,2276810268,2952447750,3535317917,203842950,2626448569,254979488,882960183,3173292731
A=3823910105,3746547948,1491101454,682864042,608410049,662739315,3479892979,4135838674,1005256708,2459345306
A=322949400,4180370898,3245479807,2276737410,1456520170,2089383226,2854371783,3632013639,4051302074,2796770602
B=1442959677,3797607104,4163501474,414931378,2299845967,2374122160,2395382449,3282213568,3318669302,464021725
B=2733514475,3893826666,3510357556,58651810,206512185,2377324178,2993211035,4090651765,4082432164,1097892583
B=463496913,1943353449,1268377019,3222433425,3548315039,2753963714,2815114171,4097266937,630403090,504882639
B=3874070417,1990784274,1537125974,1934899690,3525147987,3986438929,1821408047,1853481913,1341625276,3512292810
B=961895476,1933252635,3112858629,4002332581,1146615938,2297019362,3859788334,375209858,2203812442,4071605571
B=731447251,1487228135,4154812815,3905651350,1404148100,3000008772,2714996541,907954055,2334368163,1581575208
B=3785685923,308787533,4199265659,1973142220,2450383527,1673715100,1412265100,4286917515,3570692323,3154531835
B=2311814711,2299642536,3658687684,29774860,2049439637,3305356094,3927542398,2490853457,2747067937,2438612016
B=3762860147,883125042,2118329286,2978686254,2523144342,1380861767,1379097135,1947674119,546059413,3189380478
B=3727270883,251761897,3297019298,132827749,3729656669,1597324153,820075520,1372047677,3605925190,19317186
