A=1749462710,2827697750,1923666084,941641318,2661839520,1857685788,3866591676,2212795262,3586388610,2107444540
A=386840582,3393594740,1684283828,3279343534,3526560039,759257124,3130739842,2916791336,2202416370,1345000549
A=1035206227,2922007513,2462424369,2859939260,191828323,581693135,1395279160,3787034515,3440835949,2850676579
A=3021767463,1920508535,4064544378,4186254036,4051452096,2835119140,2128137882,2317193736,1564322408,3950107863
A=305751371,1042726148,3377264744,3140498568,2692416700,2336247211,287753382,3057178700,2635377300,2415678917
A=1689756872,4047423868,2374905552,3857807477,3597935094,2835691471,839181625,4063178679,356098423,2739167075
A=613092018,4072312612,2404537523,1969982220,2579031368,4062695069,1903347569,1457564299,1184168624,107322915
A=3980293291,2494444561,3622248298,984149252,4041750849,2931259194,3738794401,2948304708,3157631607,2489420020
A=2706292472,2680505087,3360345360,3090932890,3066114893,3084224649,4023275871,1378612896,1766741345,2251437545
A=107649800,2825112737,2513482374,758912472,485506726,2128116849,951457265,2642326988,1350434030,3795568414
B=480986559,4129180576,1387833826,3001622002,766615325,2223029827,3661772361,1094071194,1106223106,3017985455
B=2342827262,2729597993,2601774957,2882862146,1500493168,792441396,2429392786,1363550593,2792466497,3229275741
B=154498971,2079440254,422792341,1074144477,4046083223,917987908,3801682935,4229067191,1641790139,168294219
B=2723012576,2095250529,512375326,3508278106,2606705102,2760468750,2038791790,617827309,1878864201,1170764276
B=3183943366,2076073316,3900931085,4197422403,3245516856,765673124,4149907656,2988381498,2166259923,1357201863
B=3107127291,3359054253,4248249147,4165195326,3331360910,3863314468,904998851,3165962897,3641434267,527191742
B=2693551078,2966240719,1399755221,3521025616,2248450282,1989560807,3334066578,2860628280,2621886550,2483166388
B=2202260674,2198203283,2651218333,2873236496,3546458089,1101785368,4172492344,3693596031,2347345088,812870678
B=2685942486,1726030785,3569421304,992895420,2272703887,460287259,459699049,649224711,1613675580,1063126832
B=2674079398,83920633,1099006434,2907587459,4106530433,1964097158,1705014281,3320660771,2633630839,6439068
